Multiple size <= 100
TEST 1 ARG:23 15 51 17 4 58 86 25 60 55 39 68 24 36 62 13 46 14 87 48 8 2 70 53 7 98 67 97 28 54 92 57 77 65 38 96 0 59 72 49 66 1 5 95 44 35 69 40 27 3 42 56 30 47 34 37 26 50 31 63 88 80 32 18 29 11 22 19 64 89 82 90 94 9 6 52 79 43 41 84 83 73 81 91 16 45 78 74 93 99 20 85 75 21 71 10 12 33 61 76
TEST 2 ARG:17 75 2 35 86 67 71 73 29 65 80 16 18 88 24 7 58 96 50 9 13 53 25 55 33 31 91 62 45 83 42 34 19 41 90 39 98 82 3 21 93 36 64 68 54 59 56 38 8 87 97 0 74 11 94 10 5 49 40 1 26 57 6 77 92 76 52 46 28 22 70 95 30 85 43 78 89 32 60 99 14 37 20 23 63 4 66 48 47 44 61 12 27 72 81 51 84 69 15 79
TEST 3 ARG:14 83 34 80 48 69 61 95 33 23 25 17 78 1 43 10 29 40 86 42 81 18 88 49 56 70 4 30 7 26 79 73 89 39 44 22 60 31 27 19 9 37 99 54 85 36 77 58 41 72 87 45 68 52 62 74 51 3 12 6 38 16 13 97 67 91 64 96 71 15 76 32 35 53 8 11 90 93 20 98 84 47 63 65 55 5 50 94 2 28 46 75 82 0 57 59 21 92 66 24
TEST 4 ARG:31 59 61 15 34 99 84 67 64 49 32 27 54 56 1 77 20 25 94 18 74 81 8 44 12 28 95 75 0 98 66 85 42 21 88 70 38 37 93 82 79 45 53 76 89 23 13 90 86 39 40 68 97 92 52 65 62 11 83 14 36 30 22 5 80 63 10 16 46 43 55 4 24 72 48 87 26 51 91 57 69 9 47 29 41 2 96 3 7 17 50 78 73 33 6 35 19 60 71 58
TEST 5 ARG:24 64 87 96 54 90 23 58 88 27 18 37 43 70 60 99 33 12 86 44 52 36 14 19 9 91 30 41 51 17 82 3 29 42 61 84 45 16 74 66 97 62 21 55 92 67 34 40 1 26 47 49 76 39 0 79 71 63 56 38 98 95 89 69 77 25 73 75 57 20 32 28 80 78 83 7 65 85 6 46 31 4 2 22 48 68 11 15 5 81 13 72 8 50 10 94 59 93 35 53
TEST 6 ARG:50 32 43 31 84 17 47 1 10 9 63 2 8 58 77 95 23 97 56 49 80 41 37 13 65 3 91 53 44 48 33 72 36 21 35 57 18 27 66 81 93 20 46 40 14 64 68 29 26 88 39 78 30 99 69 16 42 11 59 74 6 85 76 19 92 7 94 52 28 82 38 96 12 55 70 15 87 79 71 54 86 45 62 73 98 34 60 4 75 0 61 89 24 83 22 5 25 90 67 51
TEST 7 ARG:78 57 10 70 26 8 7 11 63 60 51 0 48 1 31 12 34 98 17 67 92 88 14 66 95 13 68 38 25 53 94 29 59 45 71 43 61 76 54 39 72 73 46 64 77 47 85 74 86 16 58 75 6 81 42 49 3 33 40 21 37 84 82 91 50 36 2 18 99 90 89 9 56 22 32 23 4 55 5 80 28 87 93 20 35 65 27 24 62 44 83 41 79 52 15 69 30 19 96 97
TEST 8 ARG:31 70 3 32 34 24 12 14 44 2 23 43 65 52 37 40 58 33 28 81 60 6 53 26 64 88 82 95 96 68 66 36 49 83 1 73 71 54 89 39 25 74 87 97 91 30 98 48 27 76 21 92 56 11 45 84 17 94 61 46 29 80 15 18 79 69 85 77 41 72 78 62 57 9 7 75 90 10 47 22 13 20 4 19 8 59 35 16 0 93 63 86 51 67 38 99 55 5 50 42
TEST 9 ARG:91 0 90 55 94 79 88 4 83 29 31 64 5 12 72 13 36 42 11 84 38 43 41 86 74 87 95 59 67 16 81 10 92 30 78 48 1 40 53 96 45 77 46 76 73 7 37 54 57 25 32 22 28 93 17 2 26 99 60 9 85 3 65 24 35 44 50 71 58 8 18 68 61 15 62 49 52 80 6 70 27 47 97 34 20 39 23 14 51 56 69 98 82 21 66 19 33 63 89 75
TEST 10 ARG:63 85 4 38 84 24 62 3 15 82 26 13 29 40 42 49 45 8 55 39 59 78 2 60 58 18 92 1 36 80 97 89 37 28 57 54 67 52 48 69 9 10 96 90 43 56 65 27 20 47 99 86 61 66 98 30 87 17 88 81 33 14 35 77 74 95 7 83 94 25 19 68 32 75 6 51 22 21 76 70 73 79 23 12 71 41 44 31 46 64 91 11 93 72 16 0 53 34 5 50
TEST 11 ARG:84 69 9 0 14 96 56 99 42 77 27 78 13 53 85 10 61 38 24 75 32 1 28 64 48 15 80 72 93 40 89 23 30 81 12 26 6 16 66 55 7 22 17 44 11 2 4 20 37 59 60 25 83 95 98 86 97 94 5 8 62 33 45 91 19 36 74 67 47 31 51 73 43 54 52 79 49 70 57 88 35 39 90 76 58 41 63 87 65 50 92 71 46 82 18 3 68 21 29 34
